170219791586
170219834748
170219799798
170219804833
170219821386
170219808396
170219848081
170219838046
170219845847
170219805924
170219818486
170219809467
170219844702
170219801540
170219829171
170219800977
170219836402
170219849772
170219805435
170219789902
170219817904
170219827516
170219824236
170219823660
170219807169
170219837567
170219795226
170219819116
170219833119
170219839821
170219792991
170219824691
170219815174
170219842558
170219839240
170219803754
170219844237
170219826930
170219842011
170219807785
170219833587
170219826442
170219794194
170219802613
170219820207
170219831398
170219810660
170219797070
170219835325
170219845276
170219820795
170219831991
170219804215
170219825857
170219811724
170219790428
170219800381
170219850403
170219806537
170219814001
170219797580
170219813389
170219814602
170219796490
170219828683
170219834161
170219822492
170219846411
170219825285
170219836990
170219810045
170219840325
170219847485
170219815652
170219799357
170219835800
170219849147
170219840915
170219798187
170219791258
170219798805
170219795847
170219846905
170219808856
170219812305
170219843667
170219830325
170219792371
170219803194
170219816848
170219830926
170219821879
170219832562
170219828098
170219843106
170219841519
170219829760
170219794764
170219823090
170219812900
170219848676
170219816267
170219802034
170219819581
170219838647
170219793573
170219817445
170219811136
